3.190188760572189253e+00
3.739223436385318067e+00
3.831118269156676526e+00
3.979156780575413777e+00
4.006725627468386008e+00
4.331516680991278179e+00
4.400753017826882107e+00
4.566493268640727798e+00
5.771134222989493523e+00
6.488469668799266898e+00
7.476447735127555561e+00
7.926007091979517583e+00
8.458480547464279908e+00
8.530661531497987227e+00
8.990269510897885397e+00
9.973677354285324981e+00
1.014548317829828150e+01
1.073185894724465683e+01
1.257486435944725756e+01
1.280752977950885807e+01
1.426391035940230267e+01
1.438243512518603495e+01
1.469962104036746453e+01
1.523469217159361477e+01
1.651132444684877498e+01
1.691737814444705634e+01
1.723135953385066443e+01
1.772428653568355372e+01
1.794984231357473092e+01
1.879394341943847380e+01
1.908731452046998101e+01
1.911323607151865289e+01
1.936806058373057127e+01
1.970106333314761926e+01
1.981275025995601879e+01
1.996142831533731510e+01
2.103368532616147846e+01
2.148485842076897612e+01
2.242474693266574093e+01
2.281991892783464948e+01
2.346501038635187086e+01
2.472170646412164174e+01
2.592276007820478156e+01
2.600477324779196309e+01
2.706429733942684379e+01
2.748297722775496510e+01
2.906545796502186008e+01
2.920590248700975877e+01
3.040030461962577490e+01
3.089803739760375123e+01
3.096383445586829453e+01
3.192485428799875891e+01
3.224144794811014236e+01
3.229923475768617891e+01
3.229939970925136805e+01
3.231026318351237592e+01
3.250924416946648421e+01
3.315914539676138162e+01
3.318878714250571704e+01
3.442432624206117708e+01
3.454431563120517268e+01
3.686938411600431209e+01
3.740250499967229558e+01
3.897895505330279775e+01
4.064627646360604984e+01
4.124396479249895009e+01
4.202623180828562255e+01
4.281676600239532604e+01
4.293769180984273248e+01
4.294803214303665584e+01
4.297617710164546168e+01
4.328081845353299428e+01
4.365771029037757955e+01
4.408008936741359918e+01
4.440813799621597724e+01
4.492736970982144840e+01
4.690531643058569955e+01
4.699984728032947601e+01
4.702391173865284202e+01
4.892455986994293937e+01
4.899309634323528684e+01
4.959523501805778523e+01
5.031844879964501871e+01
5.035708412580487447e+01
5.046533605874116546e+01
5.187099377599618322e+01
5.205402464704887677e+01
5.250046053468705054e+01
5.314515898440726716e+01
5.326001378354158078e+01
5.338158672509270275e+01
5.354138338198470137e+01
5.356760017603934898e+01
5.381990954965961294e+01
5.396781803886815254e+01
5.661451878288928441e+01
5.885091361101368790e+01
6.009760870172033265e+01
6.094221405339499853e+01
6.146233831179974061e+01
