1.057584577659054226e-01 5.529546244387168130e+00 2.000000000000000000e+00
1.986871427965497539e-01 3.970963063607135801e-01 2.000000000000000000e+00
2.142411075036165791e-01 1.446927549561940474e-01 2.000000000000000000e+00
2.392978567511261367e-01 3.997094831387838720e+00 2.000000000000000000e+00
2.439641133692183050e-01 9.743721058321122008e-01 2.000000000000000000e+00
2.989377003633353347e-01 3.566793750611780833e+00 2.000000000000000000e+00
3.106565261896687691e-01 5.684322861100060464e+00 2.000000000000000000e+00
3.387094420496172820e-01 5.210621807826246510e+00 2.000000000000000000e+00
5.426049421942991113e-01 2.358537075551954132e-01 2.000000000000000000e+00
6.640199322516160407e-01 8.590673070348586293e+00 2.000000000000000000e+00
8.312434366815180109e-01 8.371182229585475199e+00 2.000000000000000000e+00
9.073350966729432088e-01 1.114940396083272844e+01 2.000000000000000000e+00
9.974606574285338478e-01 1.003619154702760774e+01 2.000000000000000000e+00
1.009677889282853958e+00 7.980320587971204027e+00 2.000000000000000000e+00
1.087470362211760966e+00 4.128791755798971508e+00 2.000000000000000000e+00
1.253920318399812661e+00 1.075758793146094483e+01 2.000000000000000000e+00
1.282999882969181327e+00 1.400549526981641080e+01 2.000000000000000000e+00
1.382248858566792471e+00 1.181731074241015733e+01 2.000000000000000000e+00
1.694192852280299588e+00 1.304069675377491677e+01 2.000000000000000000e+00
1.733573409631081752e+00 1.248764913885686667e+01 2.000000000000000000e+00
1.980077935038744297e+00 1.291046522016685927e+01 2.000000000000000000e+00
2.000139237380959223e+00 1.516251956455225880e+01 2.000000000000000000e+00
2.053825591461232669e+00 1.313123194505889835e+01 2.000000000000000000e+00
2.144390830440108253e+00 1.401219206048893184e+01 2.000000000000000000e+00
2.360471460377443265e+00 1.578742596716177005e+01 2.000000000000000000e+00
2.429199425717254446e+00 1.940747033712692371e+01 2.000000000000000000e+00
2.482343387158595149e+00 1.600021960961815637e+01 2.000000000000000000e+00
2.565775381738149896e+00 1.555922093386558380e+01 2.000000000000000000e+00
2.603952573022922934e+00 1.869281365204908951e+01 2.000000000000000000e+00
2.746823705314627162e+00 1.991719782478790535e+01 2.000000000000000000e+00
2.796479204039682642e+00 1.726182227823005277e+01 2.000000000000000000e+00
2.800866642136083939e+00 2.247539449290922420e+01 2.000000000000000000e+00
2.843997810123529923e+00 1.973945758220271429e+01 2.000000000000000000e+00
2.900361294941833368e+00 2.302865394085397455e+01 2.000000000000000000e+00
2.919265236169310551e+00 1.893504940364679001e+01 2.000000000000000000e+00
2.944430233551369458e+00 2.030362668231558843e+01 2.000000000000000000e+00
3.125918650258757481e+00 2.294982165853803124e+01 2.000000000000000000e+00
3.202283448786258369e+00 1.894950140254081461e+01 2.000000000000000000e+00
3.361367396182877165e+00 2.335150082318050835e+01 2.000000000000000000e+00
3.428253542886809058e+00 2.222141784945805298e+01 2.000000000000000000e+00
3.537440637264268606e+00 2.465143757830105642e+01 2.000000000000000000e+00
3.750146899974097003e+00 2.293114826247669669e+01 2.000000000000000000e+00
3.953435212944037325e+00 2.948132995642179210e+01 2.000000000000000000e+00
3.967316623974487477e+00 2.635624451215236874e+01 2.000000000000000000e+00
4.146649888213392643e+00 2.375576266296079453e+01 2.000000000000000000e+00
4.217514941342298762e+00 2.411371344287296026e+01 2.000000000000000000e+00
4.485362967120892996e+00 2.759170413278851441e+01 2.000000000000000000e+00
4.509134370500404110e+00 3.084192098858795816e+01 2.000000000000000000e+00
4.711296864913747662e+00 3.481360846099165229e+01 2.000000000000000000e+00
4.795542277073991499e+00 3.082953795229992977e+01 2.000000000000000000e+00
4.806678976398771397e+00 3.416031305694814790e+01 2.000000000000000000e+00
4.969339575487508931e+00 3.149613296419920161e+01 2.000000000000000000e+00
5.022925685471577140e+00 3.236233642757649420e+01 2.000000000000000000e+00
5.032706583587099658e+00 3.143304005664610301e+01 2.000000000000000000e+00
5.032734503011358385e+00 3.129235835523687470e+01 2.000000000000000000e+00
5.034573236378143690e+00 3.026774148967757583e+01 2.000000000000000000e+00
5.068252423113354332e+00 3.031648095518042396e+01 2.000000000000000000e+00
5.178253610857774802e+00 3.490080820311118259e+01 2.000000000000000000e+00
5.183270722846109457e+00 3.398072664320813630e+01 2.000000000000000000e+00
5.392395991037211012e+00 3.627125147319544851e+01 2.000000000000000000e+00
5.412705193063964693e+00 3.254823464042389958e+01 2.000000000000000000e+00
5.806242370981880896e+00 3.856381918054727009e+01 2.000000000000000000e+00
5.896477514341938786e+00 4.064345844416000375e+01 2.000000000000000000e+00
6.163304796759767612e+00 3.799024843229113912e+01 2.000000000000000000e+00
6.445512812043045159e+00 3.979208327857672600e+01 2.000000000000000000e+00
6.546676532494620560e+00 4.330207722269690862e+01 2.000000000000000000e+00
6.679081730786037951e+00 4.653230060749561403e+01 2.000000000000000000e+00
6.812886217764159369e+00 4.152956126129329562e+01 2.000000000000000000e+00
6.833353916376662340e+00 4.291124310726178948e+01 2.000000000000000000e+00
6.835104103767043249e+00 4.490279707917344609e+01 2.000000000000000000e+00
6.839867872084380629e+00 4.421418982261512554e+01 2.000000000000000000e+00
6.891430954497961281e+00 4.424166881611426305e+01 2.000000000000000000e+00
6.955223032375156045e+00 4.512358495327304553e+01 2.000000000000000000e+00
7.026714203957867610e+00 4.540793795099115471e+01 2.000000000000000000e+00
7.082239162660270537e+00 4.433852336089563551e+01 2.000000000000000000e+00
7.170123448475375305e+00 4.417176560178758393e+01 2.000000000000000000e+00
7.504907380927500427e+00 4.896630132557694282e+01 2.000000000000000000e+00
7.520907513430074687e+00 4.573029714895911724e+01 2.000000000000000000e+00
7.524980623137860647e+00 4.486515818082609997e+01 2.000000000000000000e+00
7.846681126453349364e+00 4.895074106329381891e+01 2.000000000000000000e+00
7.858281494554441693e+00 4.814307883136105204e+01 2.000000000000000000e+00
7.960198473066732561e+00 4.875256111148857485e+01 2.000000000000000000e+00
8.082608420342660693e+00 4.947923699067578696e+01 2.000000000000000000e+00
8.089147770613111632e+00 5.057417187469726372e+01 2.000000000000000000e+00
8.107470310559966364e+00 5.115610086228999620e+01 2.000000000000000000e+00
8.345389569619928949e+00 5.332643933335685915e+01 2.000000000000000000e+00
8.376369066755970039e+00 5.268559389137661952e+01 2.000000000000000000e+00
8.451932053606046935e+00 5.234064746620178710e+01 2.000000000000000000e+00
8.561052627976081908e+00 5.226672981256013628e+01 2.000000000000000000e+00
8.580492757940922033e+00 5.100606259277508769e+01 2.000000000000000000e+00
8.601069989382489567e+00 5.355622648333672942e+01 2.000000000000000000e+00
8.628116902540158506e+00 4.874374206155349043e+01 2.000000000000000000e+00
8.632554312970764698e+00 5.596027428050095409e+01 2.000000000000000000e+00
8.675259772833953775e+00 5.038463999061684717e+01 2.000000000000000000e+00
8.700294514741033325e+00 5.549564801763563793e+01 2.000000000000000000e+00
9.148270627446937198e+00 5.446248339863874577e+01 2.000000000000000000e+00
9.526799051501651405e+00 5.618916424129711373e+01 2.000000000000000000e+00
9.737812563975971614e+00 5.960381885892661558e+01 2.000000000000000000e+00
9.880769044064829032e+00 6.275047582862605111e+01 2.000000000000000000e+00
9.968804400510226316e+00 6.103809693643925982e+01 2.000000000000000000e+00
